pfn.plot.colors.internal <- c("#561131",
"#49E837",
"#7BDFEF",
"#DF49EF",
"#E09A2B",
"#306E3B",
"#3E69C9",
"#EC9CC5",
"#E53B49",
"#D5EC94",
"#F0F02E",
"#456271",
"#B7227D",
"#B56E58",
"#52EDA8",
"#879927",
"#2B2519",
"#EDE2C4",
"#3CAA42",
"#6AAF93",
"#723C7A",
"#7EA4D4",
"#C1581E",
"#D981E0",
"#8665EB",
"#AA9D5F",
"#742A0D",
"#B3968D",
"#8BD038",
"#ED391E",
"#937118",
"#2B214B",
"#EB7990",
"#E2C8EE",
"#E3D552",
"#4A4314",
"#A68FDC",
"#886F8B",
"#419CB2",
"#B9EDCC",
"#9D46B5",
"#57EACB",
"#8BBC7B",
"#EA6BAD",
"#EA2A7D",
"#0F4944",
"#AF2B5C",
"#9E5177",
"#AF3B3F",
"#3EDB77",
"#A0EF93",
"#DBA167",
"#ABB18F",
"#491314",
"#826940",
"#E7B6C1",
"#C4EB6B",
"#6C61A7",
"#E8706A",
"#514C46",
"#7D8FA0",
"#F4C927",
"#7EED66",
"#72402C",
"#25765E",
"#566742",
"#ED3DA9",
"#272031",
"#B9717A",
"#393777",
"#AF81B5",
"#C6F0EE",
"#DEC570",
"#DF4CD0",
"#7D4D18",
"#673A56",
"#304D15",
"#5E7119",
"#B52D9E",
"#E69C82",
"#7B1D53",
"#8CADA5",
"#91C864",
"#3E802E",
"#3DC135",
"#213A54",
"#9D2B18",
"#587AB6",
"#77469D",
"#40AA7A",
"#8485F1",
"#C3D9F1",
"#93F0B6",
"#DDECB4",
"#B97835",
"#4A91F1",
"#B4AC18",
"#4DBFE6",
"#DCAAE9",
"#916A5B",
"#52648A",
"#E56B49",
"#27432A",
"#B861E9",
"#829954",
"#89233A",
"#6A55C3",
"#4648A0",
"#C25264",
"#EA6F1F",
"#92EB32",
"#DE825C",
"#8D2D79",
"#B5C178",
"#E19A9C",
"#8C4A4A",
"#B281E8",
"#558C86",
"#534657",
"#7D6F6D",
"#68E2DA",
"#859DE4",
"#103037",
"#BDCB2A",
"#71753A",
"#3C7A97",
"#5E8B64",
"#41A8A2",
"#526859",
"#D4B396",
"#DE812D",
"#B5E533",
"#203006",
"#E3B53D",
"#DC345A",
"#429252",
"#70A141",
"#C44B85",
"#A9C151",
"#641213",
"#DEBA84",
"#C53127",
"#36416C",
"#D076A9",
"#DFDDD7",
"#A5D0A3",
"#AAA6A8",
"#B7A4C9",
"#EDE59C",
"#56B864",
"#A0511E",
"#6E5385",
"#A18F2E",
"#E2522A",
"#5D4035",
"#9C5998",
"#2E6766",
"#3F1735",
"#506DE5",
"#E34C7C",
"#3B8717",
"#BAB242",
"#682B32",
"#502B0F",
"#C0F0A8",
"#BA98AC",
"#D46ABF",
"#E9E875",
"#8E3A2C",
"#541D5A",
"#E5D3A3",
"#E1A654",
"#853856",
"#A9CEC8",
"#6BB533",
"#56BDCC",
"#A37F48",
"#8087B6",
"#74CB83",
"#2B5E18",
"#5ED59F",
"#41B8A1",
"#5EB0E9",
"#378BCA",
"#385FA3",
"#DEEF48",
"#192815",
"#304139",
"#7DF189",
"#9A6976",
"#806BC1",
"#C16B8C",
"#9CBCD9",
"#574B33",
"#2F3036",
"#899D78",
"#EBCDD6",
"#43121E",
"#372019",
"#D1D8B7")